Trial	SuccessRate	StdDev	HitMine	Timeout	NormalizedStep	NumberOfCodes
0	0.0		0		50.0		50.0		5			0.0
100	98.0		0		2.0		0.0		1.04			1471.0
200	98.0		0		2.0		0.0		1.08			1493.0
300	100.0		0		0.0		0.0		1.03			1521.0
400	98.0		0		2.0		0.0		1.02			1544.0
500	99.0		0		1.0		0.0		1.01			1565.0
600	99.0		0		0.0		1.0		1.09			1595.0
700	97.0		0		3.0		0.0		1.05			1627.0
800	98.0		0		2.0		0.0		1.06			1649.0
900	97.0		0		3.0		0.0		1.07			1678.0
1000	99.0		0		1.0		0.0		1.01			1711.0
1100	99.0		0		1.0		0.0		1.05			1732.0
1200	99.0		0		1.0		0.0		1.07			1756.0
1300	99.0		0		1.0		0.0		1.04			1778.0
1400	99.0		0		1.0		0.0		1.02			1807.0
1500	99.0		0		1.0		0.0		1.05			1842.0
1600	98.0		0		2.0		0.0		1.12			1872.0
1700	95.0		0		3.0		2.0		1.02			1890.0
1800	95.0		0		3.0		2.0		1.02			1922.0
1900	97.0		0		2.0		1.0		1.06			1949.0
2000	98.0		0		1.0		1.0		1.03			1977.0
Average Time (msec)	 : 20936.0
Average Number of Steps	 : 15751.0
Average Time per Step	 : 1.3291855
